15.8255
8.76759
10.4925
8.65205
16.0681
13.0991
7.71379
16.2821
25.2279
5.44719
5.99296
5.39423
8.22749
17.4671
7.94398
20.3575
16.8095
24.1322
18.374
5.05549
25.7002
5.93381
16.3435
4.30349
7.60403
12.5466
20.3118
14.8972
4.83194
9.10423
4.47549
12.4195
18.0875
12.608
16.0681
8.11391
19.1695
4.46149
4.71549
18.4311
8.18549
8.65205
13.0095
8.76759
16.7795
19.1081
14.2875
15.9175
8.65128
5.22542
15.972
13.0995
13.2935
14.694
5.99296
8.22749
5.39423
17.054
8.82896
17.2394
25.0061
18.9918
16.6915
5.34949
14.9475
12.7074
7.49202
21.0894
9.58749
5.93381
4.55782
28.1042
18.0875
21.1422
8.44149
16.7795
9.20609
7.10846
12.5875
5.09364
11.8406
9.87063
13.2935
7.10846
13.0995
8.92655
4.52592
29.4388
4.30349
4.73749
5.77549
9.01339
4.52592
5.05549
12.1315
8.76837
15.9175
20.4281
5.02973
11.212
11.8084
e=j
t=y
a=f
o=t
n=s
i=n
r=w
s=x
h=m
d=i
l=q
c=z
u=r
m=h
w=b
f=k
y=d
g=l
p=u
b=g
v=a
k=p
x=c
j=v
q=o
z=e
